# Depletion potential between silica particles in a lambda-DNA solvent
# at 10 ug/ml DNA concentration
# columns: r, U(r)
1.46452 0.44762
1.47047 0.26114
1.4774 0.21977
1.48338 0.1619
1.49211 0.06602
1.49227 0.06427
1.50502 -0.07143
1.50988 -0.11142
1.51284 -0.12762
1.52166 -0.13618
1.52653 -0.1368
1.53342 -0.13618
1.53923 -0.12815
1.54705 -0.1197
1.54714 -0.11967
1.5578 -0.12357
1.56283 -0.1238
1.56855 -0.11285
1.57556 -0.10316
1.5793 -0.10242
1.59104 -0.10545
1.60007 -0.10729
1.61477 -0.09078
1.61551 -0.09013
1.63313 -0.0833
1.64221 -0.08253
1.64881 -0.08259
1.66546 -0.08277
1.66672 -0.08253
1.68044 -0.07428
1.68896 -0.07065
1.69906 -0.06602
1.72133 -0.05145
1.72454 -0.04952
1.73306 -0.04614
1.74121 -0.04539
1.74385 -0.04521
1.75367 -0.04402
1.76249 -0.04215
1.76571 -0.04127
1.77425 -0.03842
1.79189 -0.03141
1.79806 -0.02889
1.80953 -0.02431
1.82648 -0.01651
1.83406 -0.01026
1.83824 -0.00825
1.86079 -0.00825
1.88138 -0.00825
1.90392 9.41664e-11
1.93136 0.01651
1.93698 0.01653
1.95661 0.00909
1.95882 0.00825
1.98921 0.00413
