# Depletion potential between silica particles in a lambda-DNA solvent
# at 280 ug/ml DNA concentration
# columns: r, U(r)
1.46543 -0.7895 
1.47104 -1.6105 
1.47764 -2.4316 
1.48316 -3.5368 
1.49172 -4.3263 
1.50446 -4.3579 
1.51236 -4.1684 
1.52625 -3.6632 
1.53915 -3.1895 
1.54711 -2.8421 
1.55802 -2.4632 
1.56894 -2.0526 
1.57986 -1.6421 
1.59171 -1.3579 
1.61636 -0.9474 
1.63411 -0.6316 
1.64983 -0.5053 
1.66656 -0.3158 
1.69018 -0.0632 
1.7225 -0.1579 
1.7344 -0.2526 
1.74516 0.1895 
1.75487 -0.0947 
1.76372 -0.0316 
1.77551 0.0632 
1.79319 0.1579 
1.81084 0.1579 
1.83528 -0.0316 
1.85891 0.2526 
1.88031 -0.2526 
1.90796 0.3474 
1.92849 0.1895 
1.9383 0.1895 
1.95784 2.09863e-09 
