# Depletion potential between silica particles in a lambda-DNA solvent
# at 60 ug/ml DNA concentration
# columns: r, U(r)
1.46471 0.3653
1.47059 0.2836
1.47647 0.1172
1.47745 0.0828
1.48333 -0.0669
1.48431 -0.0828
1.49216 -0.17
1.49804 -0.2138
1.5049 -0.2436
1.5098 -0.2483
1.51275 -0.2484
1.52647 -0.2363
1.52745 -0.2345
1.53922 -0.2022
1.5402 -0.2
1.54706 -0.1943
1.55196 -0.1931
1.55784 -0.1896
1.56863 -0.1862
1.57941 -0.1942
1.58039 -0.1931
1.59118 -0.1709
1.59902 -0.1586
1.61078 -0.1724
1.61569 -0.1534
1.61863 -0.1448
1.63333 -0.1212
1.6451 -0.1103
1.64902 -0.1085
1.66176 -0.1103
1.66569 -0.1097
1.67451 -0.1034
1.68922 -0.0906
1.6951 -0.0828
1.71569 -0.0483
1.72157 -0.0454
1.73333 -0.0483
1.74412 -0.0425
1.74608 -0.0414
1.75392 -0.0376
1.76275 -0.0335
1.77451 -0.0278
1.78627 -0.0207
1.79216 -0.0154
1.80588 -0.0069
1.8098 -0.0084
1.83431 -0.0204
1.83824 -0.0207
1.86176 3.66531e-11
1.90392 -1.23626e-11
1.93333 -2.38938e-12
1.93725 -0.0001
1.95686 -0.0009
1.96471 3.1115e-11
1.98922 0.0138
